HCl

BASIC INFO
----------
Generated by:
 ADF
Periodicity:
 0
Spin unrestricted:
 .false.
Nuclear repulsion energy (au/atom):
 3.528955195205198
Number of electrons
 18

GEOMETRY
--------
Number of atoms
 2
Atomic positions (au)
 0.0000000000000E+00 0.0000000000000E+00 0.0000000000000E+00
 0.0000000000000E+00 0.0000000000000E+00 2.4086449189123E+00
Atomic numbers for each atom
        17         1
Valence charges for each atom
 1.7000000000000E+01 1.0000000000000E+00

BASIS SET
---------
Number of STO centres
 2
Position of each centre (au)
 0.0000000000000E+00 0.0000000000000E+00 0.0000000000000E+00
 0.0000000000000E+00 0.0000000000000E+00 2.4086449189123E+00
Number of shells
 28
Sequence number of first shell on each centre
         1        24
Code for shell types (s/sp/p/d/f/g 1/2/3/4/5/6)
         1         1         1         1         1         1         1         3
         3         3         3         3         1         1         3         1
         1         1         3         3         3         4         5         1
         1         1         3         4
Order of radial prefactor r in each shell
         0         0         1         1         2         2         2         0
         0         1         1         1         0         1         0         2
         2         2         1         1         1         0         0         0
         0         0         0         0
Exponent in each STO shell
 2.0300000000000E+01 1.5250000000000E+01 6.2500000000000E+00 4.4500000000000E+00
 1.6000000000000E+00 2.3000000000000E+00 3.4500000000000E+00 8.8500000000000E+00
 5.0500000000000E+00 1.2000000000000E+00 2.0500000000000E+00 3.3500000000000E+00
 1.3950000000000E+01 5.6500000000000E+00 6.7000000000000E+00 1.6000000000000E+00
 2.3000000000000E+00 3.3000000000000E+00 1.2000000000000E+00 2.0500000000000E+00
 2.8500000000000E+00 2.0000000000000E+00 2.0000000000000E+00 6.9000000000000E-01
 9.2000000000000E-01 1.5800000000000E+00 1.2500000000000E+00 2.5000000000000E+00
Number of basis functions ('AO')
 62
Number of molecular orbitals ('MO')
         9

MULTIDETERMINANT INFORMATION
----------------------------
GS

ORBITAL COEFFICIENTS (normalized AO)
------------------------------------
 2.5805044970769E-01 7.4881964218000E-01 1.7104879254477E-03-2.9023351163718E-03
 4.1149693537438E-04-1.1952445066614E-03 1.8272132641916E-03 0.0000000000000E+00
 0.0000000000000E+00 0.0000000000000E+00 0.0000000000000E+00 0.0000000000000E+00
 0.0000000000000E+00 0.0000000000000E+00 0.0000000000000E+00 0.0000000000000E+00
 0.0000000000000E+00 0.0000000000000E+00 0.0000000000000E+00 0.0000000000000E+00
 0.0000000000000E+00 0.0000000000000E+00 0.0000000000000E+00 0.0000000000000E+00
 0.0000000000000E+00 0.0000000000000E+00 0.0000000000000E+00 0.0000000000000E+00
 0.0000000000000E+00 0.0000000000000E+00 0.0000000000000E+00 0.0000000000000E+00
 0.0000000000000E+00 0.0000000000000E+00 0.0000000000000E+00 0.0000000000000E+00
 0.0000000000000E+00 0.0000000000000E+00 0.0000000000000E+00 0.0000000000000E+00
 0.0000000000000E+00 0.0000000000000E+00 0.0000000000000E+00 0.0000000000000E+00
 0.0000000000000E+00 0.0000000000000E+00 0.0000000000000E+00 0.0000000000000E+00
 0.0000000000000E+00 0.0000000000000E+00 0.0000000000000E+00 0.0000000000000E+00
 0.0000000000000E+00 0.0000000000000E+00 0.0000000000000E+00 0.0000000000000E+00
 0.0000000000000E+00 0.0000000000000E+00 0.0000000000000E+00 0.0000000000000E+00
 0.0000000000000E+00 0.0000000000000E+00 4.7786714997396E-02-4.1193851400499E-01
 9.0019754692736E-01 2.0299148408801E-01-6.3838372421483E-03 1.6430235605480E-02
-2.2493415250851E-02 0.0000000000000E+00 0.0000000000000E+00 0.0000000000000E+00
 0.0000000000000E+00 0.0000000000000E+00 0.0000000000000E+00 0.0000000000000E+00
 0.0000000000000E+00 0.0000000000000E+00 0.0000000000000E+00 0.0000000000000E+00
 0.0000000000000E+00 0.0000000000000E+00 0.0000000000000E+00 0.0000000000000E+00
 0.0000000000000E+00 0.0000000000000E+00 0.0000000000000E+00 0.0000000000000E+00
 0.0000000000000E+00 0.0000000000000E+00 0.0000000000000E+00 0.0000000000000E+00
 0.0000000000000E+00 0.0000000000000E+00 0.0000000000000E+00 0.0000000000000E+00
 0.0000000000000E+00 0.0000000000000E+00 0.0000000000000E+00 0.0000000000000E+00
 0.0000000000000E+00 0.0000000000000E+00 0.0000000000000E+00 0.0000000000000E+00
 0.0000000000000E+00 0.0000000000000E+00 0.0000000000000E+00 0.0000000000000E+00
 0.0000000000000E+00 0.0000000000000E+00 0.0000000000000E+00 0.0000000000000E+00
 0.0000000000000E+00 0.0000000000000E+00 0.0000000000000E+00 0.0000000000000E+00
 0.0000000000000E+00 0.0000000000000E+00 0.0000000000000E+00 0.0000000000000E+00
 0.0000000000000E+00 0.0000000000000E+00 0.0000000000000E+00 0.0000000000000E+00
 0.0000000000000E+00 0.0000000000000E+00 0.0000000000000E+00 0.0000000000000E+00
 0.0000000000000E+00 0.0000000000000E+00 0.0000000000000E+00 3.8138890163982E-01
 0.0000000000000E+00 0.0000000000000E+00 6.6308370285099E-01 0.0000000000000E+00
 0.0000000000000E+00-3.0143860129607E-04 0.0000000000000E+00 0.0000000000000E+00
 2.3201970099759E-03 0.0000000000000E+00 0.0000000000000E+00-2.5531020109773E-03
 0.0000000000000E+00 0.0000000000000E+00 0.0000000000000E+00 0.0000000000000E+00
 0.0000000000000E+00 0.0000000000000E+00 0.0000000000000E+00 0.0000000000000E+00
 0.0000000000000E+00 0.0000000000000E+00 0.0000000000000E+00 0.0000000000000E+00
 0.0000000000000E+00 0.0000000000000E+00 0.0000000000000E+00 0.0000000000000E+00
 0.0000000000000E+00 0.0000000000000E+00 0.0000000000000E+00 0.0000000000000E+00
 0.0000000000000E+00 0.0000000000000E+00 0.0000000000000E+00 0.0000000000000E+00
 0.0000000000000E+00 0.0000000000000E+00 0.0000000000000E+00 0.0000000000000E+00
 0.0000000000000E+00 0.0000000000000E+00 0.0000000000000E+00 0.0000000000000E+00
 0.0000000000000E+00 0.0000000000000E+00 0.0000000000000E+00 0.0000000000000E+00
 0.0000000000000E+00 0.0000000000000E+00 0.0000000000000E+00 0.0000000000000E+00
 0.0000000000000E+00 0.0000000000000E+00 0.0000000000000E+00 0.0000000000000E+00
 0.0000000000000E+00 0.0000000000000E+00 0.0000000000000E+00 0.0000000000000E+00
 0.0000000000000E+00 0.0000000000000E+00 3.8138890163982E-01 0.0000000000000E+00
 0.0000000000000E+00 6.6308370285099E-01 0.0000000000000E+00 0.0000000000000E+00
-3.0143860129607E-04 0.0000000000000E+00 0.0000000000000E+00 2.3201970099759E-03
 0.0000000000000E+00 0.0000000000000E+00-2.5531020109773E-03 0.0000000000000E+00
 0.0000000000000E+00 0.0000000000000E+00 0.0000000000000E+00 0.0000000000000E+00
 0.0000000000000E+00 0.0000000000000E+00 0.0000000000000E+00 0.0000000000000E+00
 0.0000000000000E+00 0.0000000000000E+00 0.0000000000000E+00 0.0000000000000E+00
 0.0000000000000E+00 0.0000000000000E+00 0.0000000000000E+00 0.0000000000000E+00
 0.0000000000000E+00 0.0000000000000E+00 0.0000000000000E+00 0.0000000000000E+00
 0.0000000000000E+00 0.0000000000000E+00 0.0000000000000E+00 0.0000000000000E+00
 0.0000000000000E+00 0.0000000000000E+00 0.0000000000000E+00 0.0000000000000E+00
 0.0000000000000E+00 0.0000000000000E+00 0.0000000000000E+00 0.0000000000000E+00
 0.0000000000000E+00 0.0000000000000E+00 0.0000000000000E+00 0.0000000000000E+00
 0.0000000000000E+00 0.0000000000000E+00 0.0000000000000E+00 0.0000000000000E+00
 0.0000000000000E+00 0.0000000000000E+00 0.0000000000000E+00 0.0000000000000E+00
 0.0000000000000E+00 0.0000000000000E+00 0.0000000000000E+00 0.0000000000000E+00
 0.0000000000000E+00 3.8138890151454E-01 0.0000000000000E+00 0.0000000000000E+00
 6.6308341191649E-01 0.0000000000000E+00 0.0000000000000E+00-3.9144614346767E-04
 0.0000000000000E+00 0.0000000000000E+00 2.2444908814757E-03 0.0000000000000E+00
 0.0000000000000E+00-2.5715423878318E-03 0.0000000000000E+00 0.0000000000000E+00
 0.0000000000000E+00 0.0000000000000E+00 0.0000000000000E+00 0.0000000000000E+00
 0.0000000000000E+00 0.0000000000000E+00 0.0000000000000E+00 0.0000000000000E+00
 0.0000000000000E+00 0.0000000000000E+00 0.0000000000000E+00 0.0000000000000E+00
 0.0000000000000E+00 0.0000000000000E+00 0.0000000000000E+00 0.0000000000000E+00
 0.0000000000000E+00 0.0000000000000E+00 0.0000000000000E+00 0.0000000000000E+00
 0.0000000000000E+00 0.0000000000000E+00 0.0000000000000E+00 0.0000000000000E+00
 0.0000000000000E+00 0.0000000000000E+00 0.0000000000000E+00 0.0000000000000E+00
 0.0000000000000E+00 0.0000000000000E+00 0.0000000000000E+00 0.0000000000000E+00
 0.0000000000000E+00 0.0000000000000E+00 0.0000000000000E+00 0.0000000000000E+00
 0.0000000000000E+00 0.0000000000000E+00 0.0000000000000E+00 0.0000000000000E+00
 0.0000000000000E+00 0.0000000000000E+00 0.0000000000000E+00 0.0000000000000E+00
 0.0000000000000E+00 0.0000000000000E+00 0.0000000000000E+00 0.0000000000000E+00
 0.0000000000000E+00 0.0000000000000E+00 0.0000000000000E+00 0.0000000000000E+00
 0.0000000000000E+00 0.0000000000000E+00 0.0000000000000E+00 0.0000000000000E+00
 0.0000000000000E+00 0.0000000000000E+00 0.0000000000000E+00 0.0000000000000E+00
 9.6063180470619E-02-3.6603428702292E-01 0.0000000000000E+00 0.0000000000000E+00
-3.0048368451121E-02 7.6821209685150E-02 7.5752729106027E-01 1.0536351704839E-01
 0.0000000000000E+00 0.0000000000000E+00-2.7807097677083E-02 0.0000000000000E+00
 0.0000000000000E+00 1.0228045391888E-01 0.0000000000000E+00 0.0000000000000E+00
-6.9673978543066E-03 0.0000000000000E+00 0.0000000000000E+00 0.0000000000000E+00
 3.4648570564286E-02-3.1607699355105E-19 1.8102018593241E-02 0.0000000000000E+00
 0.0000000000000E+00-2.8963272559596E-19 0.0000000000000E+00 0.0000000000000E+00
 0.0000000000000E+00 2.7007336642690E-02 8.8763853463168E-02 1.0475924977743E-01
 0.0000000000000E+00 0.0000000000000E+00-3.8521606143914E-02 0.0000000000000E+00
 0.0000000000000E+00 0.0000000000000E+00 5.5522149028443E-03 7.6881500590722E-20
 0.0000000000000E+00 0.0000000000000E+00 0.0000000000000E+00 0.0000000000000E+00
 0.0000000000000E+00 0.0000000000000E+00 0.0000000000000E+00 0.0000000000000E+00
 0.0000000000000E+00 0.0000000000000E+00 0.0000000000000E+00 0.0000000000000E+00
 0.0000000000000E+00 0.0000000000000E+00 0.0000000000000E+00 0.0000000000000E+00
 0.0000000000000E+00 0.0000000000000E+00 0.0000000000000E+00 0.0000000000000E+00
 0.0000000000000E+00 0.0000000000000E+00-3.3332290407592E-02 1.1082142529331E-01
 0.0000000000000E+00 0.0000000000000E+00-1.8748776123276E-01-2.0728831071604E-01
-1.8670325509787E-01-9.3061195299966E-02 0.0000000000000E+00 0.0000000000000E+00
 7.5188610429142E-02 0.0000000000000E+00 0.0000000000000E+00 6.2360716153987E-01
 0.0000000000000E+00 0.0000000000000E+00 1.2280682842665E-02 0.0000000000000E+00
 0.0000000000000E+00 0.0000000000000E+00 9.8356041496635E-02 7.7117592051585E-19
 2.7677025097940E-02 0.0000000000000E+00 0.0000000000000E+00-6.6020960375051E-19
 0.0000000000000E+00 0.0000000000000E+00 0.0000000000000E+00-1.4874432378455E-01
 4.6521574453830E-01 1.1333510525551E-01 0.0000000000000E+00 0.0000000000000E+00
-3.4006453974207E-02 0.0000000000000E+00 0.0000000000000E+00 0.0000000000000E+00
 6.2821820303412E-03 6.8878216437075E-20 0.0000000000000E+00 0.0000000000000E+00
 0.0000000000000E+00 0.0000000000000E+00 0.0000000000000E+00 0.0000000000000E+00
 0.0000000000000E+00 0.0000000000000E+00 0.0000000000000E+00 0.0000000000000E+00
 0.0000000000000E+00 0.0000000000000E+00 0.0000000000000E+00 0.0000000000000E+00
 0.0000000000000E+00 0.0000000000000E+00 0.0000000000000E+00 0.0000000000000E+00
 0.0000000000000E+00 0.0000000000000E+00 0.0000000000000E+00 0.0000000000000E+00
 0.0000000000000E+00 0.0000000000000E+00-2.2894799337528E-01 0.0000000000000E+00
 0.0000000000000E+00 0.0000000000000E+00 0.0000000000000E+00 0.0000000000000E+00
 2.6183901007264E-01 0.0000000000000E+00 0.0000000000000E+00 7.4093252258182E-01
 0.0000000000000E+00 0.0000000000000E+00 4.2297533340190E-02 0.0000000000000E+00
 0.0000000000000E+00 0.0000000000000E+00 0.0000000000000E+00 1.4125524941518E-02
 0.0000000000000E+00 0.0000000000000E+00 0.0000000000000E+00 9.2518577796689E-03
 0.0000000000000E+00 0.0000000000000E+00 0.0000000000000E+00 4.0887715660860E-19
 0.0000000000000E+00 0.0000000000000E+00 0.0000000000000E+00 0.0000000000000E+00
 3.3705371553691E-02 0.0000000000000E+00 0.0000000000000E+00 0.0000000000000E+00
 0.0000000000000E+00-2.4698681255766E-03 0.0000000000000E+00 0.0000000000000E+00
 0.0000000000000E+00 0.0000000000000E+00 0.0000000000000E+00 0.0000000000000E+00
 0.0000000000000E+00 0.0000000000000E+00 0.0000000000000E+00 0.0000000000000E+00
 0.0000000000000E+00 0.0000000000000E+00 0.0000000000000E+00 0.0000000000000E+00
 0.0000000000000E+00 0.0000000000000E+00 0.0000000000000E+00 0.0000000000000E+00
 0.0000000000000E+00 0.0000000000000E+00 0.0000000000000E+00 0.0000000000000E+00
 0.0000000000000E+00 0.0000000000000E+00 0.0000000000000E+00 0.0000000000000E+00
 0.0000000000000E+00-2.2894799337528E-01 0.0000000000000E+00 0.0000000000000E+00
 0.0000000000000E+00 0.0000000000000E+00 0.0000000000000E+00 2.6183901007264E-01
 0.0000000000000E+00 0.0000000000000E+00 7.4093252258182E-01 0.0000000000000E+00
 0.0000000000000E+00 4.2297533340190E-02 0.0000000000000E+00 0.0000000000000E+00
 1.4125524941518E-02 0.0000000000000E+00 0.0000000000000E+00 0.0000000000000E+00
 0.0000000000000E+00 0.0000000000000E+00 9.2518577796689E-03 0.0000000000000E+00
 0.0000000000000E+00 0.0000000000000E+00-4.4558102964923E-19 0.0000000000000E+00
 0.0000000000000E+00 0.0000000000000E+00 0.0000000000000E+00 3.3705371553691E-02
 0.0000000000000E+00 0.0000000000000E+00-2.4698681255766E-03 0.0000000000000E+00
 0.0000000000000E+00 0.0000000000000E+00

